% time,cellId,IMSI,RNTI,layer,mcs,size,rv,ndi,ccId
0,1,1,1,0,4,85,0,1,0
1000,1,1,1,0,4,85,0,1,0
2000,1,1,1,0,4,85,0,1,0
3000,1,1,1,0,4,85,0,1,0
4000,1,1,1,0,4,85,0,1,0
5000,1,1,1,0,4,85,0,1,0
6000,1,1,1,0,4,85,0,1,0
7000,1,1,1,0,4,85,0,1,0
8000,1,1,1,0,4,85,0,1,0
9000,1,1,1,0,4,85,0,1,0
10000,1,1,1,0,4,85,0,1,0
11000,1,1,1,0,4,85,0,1,0
12000,1,1,1,0,4,85,0,1,0
13000,1,1,1,0,4,85,0,1,0
14000,1,1,1,0,4,85,0,1,0
15000,1,1,1,0,4,85,0,1,0
16000,1,1,1,0,4,85,0,1,0
17000,1,1,1,0,4,85,0,1,0
18000,1,1,1,0,4,85,0,1,0
19000,1,1,1,0,4,85,0,1,0
20000,1,1,1,0,4,85,0,1,0
21000,1,1,1,0,4,85,0,1,0
22000,1,1,1,0,4,85,0,1,0
23000,1,1,1,0,4,85,0,1,0
24000,1,1,1,0,4,85,0,1,0
25000,1,1,1,0,4,85,0,1,0
26000,1,1,1,0,4,85,0,1,0
27000,1,1,1,0,4,85,0,1,0
28000,1,1,1,0,4,85,0,1,0
29000,1,1,1,0,4,85,0,1,0
30000,1,1,1,0,4,85,0,1,0
31000,1,1,1,0,4,85,0,1,0
32000,1,1,1,0,4,85,0,1,0
33000,1,1,1,0,4,85,0,1,0
34000,1,1,1,0,4,85,0,1,0
35000,1,1,1,0,4,85,0,1,0
36000,1,1,1,0,4,85,0,1,0
37000,1,1,1,0,4,85,0,1,0
38000,1,1,1,0,4,85,0,1,0
39000,1,1,1,0,4,85,0,1,0
40000,1,1,1,0,4,85,0,1,0
41000,1,1,1,0,4,85,0,1,0
42000,1,1,1,0,4,85,0,1,0
43000,1,1,1,0,4,85,0,1,0
44000,1,1,1,0,4,85,0,1,0
45000,1,1,1,0,4,85,0,1,0
46000,1,1,1,0,4,85,0,1,0
47000,1,1,1,0,4,85,0,1,0
48000,1,1,1,0,4,85,0,1,0
49000,1,1,1,0,4,85,0,1,0
50000,1,1,1,0,4,85,0,1,0
51000,1,1,1,0,4,85,0,1,0
52000,1,1,1,0,4,85,0,1,0
53000,1,1,1,0,4,85,0,1,0
54000,1,1,1,0,4,85,0,1,0
55000,1,1,1,0,4,85,0,1,0
56000,1,1,1,0,4,85,0,1,0
57000,1,1,1,0,4,85,0,1,0
58000,1,1,1,0,4,85,0,1,0
59000,1,1,1,0,4,85,0,1,0
60000,1,1,1,0,4,85,0,1,0
61000,1,1,1,0,4,85,0,1,0
62000,1,1,1,0,4,85,0,1,0
63000,1,1,1,0,4,85,0,1,0
64000,1,1,1,0,4,85,0,1,0
65000,1,1,1,0,4,85,0,1,0
66000,1,1,1,0,4,85,0,1,0
67000,1,1,1,0,4,85,0,1,0
68000,1,1,1,0,4,85,0,1,0
69000,1,1,1,0,4,85,0,1,0
70000,1,1,1,0,4,85,0,1,0
71000,1,1,1,0,4,85,0,1,0
72000,1,1,1,0,4,85,0,1,0
73000,1,1,1,0,4,85,0,1,0
74000,1,1,1,0,4,85,0,1,0
75000,1,1,1,0,4,85,0,1,0
76000,1,1,1,0,4,85,0,1,0
77000,1,1,1,0,4,85,0,1,0
78000,1,1,1,0,4,85,0,1,0
79000,1,1,1,0,4,85,0,1,0
80000,1,1,1,0,4,85,0,1,0
81000,1,1,1,0,4,85,0,1,0
82000,1,1,1,0,4,85,0,1,0
83000,1,1,1,0,4,85,0,1,0
84000,1,1,1,0,4,85,0,1,0
85000,1,1,1,0,4,85,0,1,0
86000,1,1,1,0,4,85,0,1,0
87000,1,1,1,0,4,85,0,1,0
88000,1,1,1,0,4,85,0,1,0
89000,1,1,1,0,4,85,0,1,0
90000,1,1,1,0,4,85,0,1,0
91000,1,1,1,0,4,85,0,1,0
92000,1,1,1,0,4,85,0,1,0
93000,1,1,1,0,4,85,0,1,0
94000,1,1,1,0,4,85,0,1,0
95000,1,1,1,0,4,85,0,1,0
96000,1,1,1,0,4,85,0,1,0
97000,1,1,1,0,4,85,0,1,0
98000,1,1,1,0,4,85,0,1,0
99000,1,1,1,0,4,85,0,1,0
100000,1,1,1,0,4,85,0,1,0
101000,1,1,1,0,4,85,0,1,0
102000,1,1,1,0,4,85,0,1,0
103000,1,1,1,0,4,85,0,1,0
104000,1,1,1,0,4,85,0,1,0
105000,1,1,1,0,4,85,0,1,0
106000,1,1,1,0,4,85,0,1,0
107000,1,1,1,0,4,85,0,1,0
108000,1,1,1,0,4,85,0,1,0
109000,1,1,1,0,4,85,0,1,0
110000,1,1,1,0,4,85,0,1,0
111000,1,1,1,0,4,85,0,1,0
112000,1,1,1,0,4,85,0,1,0
113000,1,1,1,0,4,85,0,1,0
114000,1,1,1,0,4,85,0,1,0
115000,1,1,1,0,4,85,0,1,0
116000,1,1,1,0,4,85,0,1,0
117000,1,1,1,0,4,85,0,1,0
118000,1,1,1,0,4,85,0,1,0
119000,1,1,1,0,4,85,0,1,0
120000,1,1,1,0,4,85,0,1,0
121000,1,1,1,0,4,85,0,1,0
122000,1,1,1,0,4,85,0,1,0
123000,1,1,1,0,4,85,0,1,0
124000,1,1,1,0,4,85,0,1,0
125000,1,1,1,0,4,85,0,1,0
126000,1,1,1,0,4,85,0,1,0
127000,1,1,1,0,4,85,0,1,0
128000,1,1,1,0,4,85,0,1,0
129000,1,1,1,0,4,85,0,1,0
130000,1,1,1,0,4,85,0,1,0
131000,1,1,1,0,4,85,0,1,0
132000,1,1,1,0,4,85,0,1,0
133000,1,1,1,0,4,85,0,1,0
134000,1,1,1,0,4,85,0,1,0
135000,1,1,1,0,4,85,0,1,0
136000,1,1,1,0,4,85,0,1,0
137000,1,1,1,0,4,85,0,1,0
138000,1,1,1,0,4,85,0,1,0
139000,1,1,1,0,4,85,0,1,0
140000,1,1,1,0,4,85,0,1,0
141000,1,1,1,0,4,85,0,1,0
142000,1,1,1,0,4,85,0,1,0
143000,1,1,1,0,4,85,0,1,0
144000,1,1,1,0,4,85,0,1,0
145000,1,1,1,0,4,85,0,1,0
146000,1,1,1,0,4,85,0,1,0
147000,1,1,1,0,4,85,0,1,0
148000,1,1,1,0,4,85,0,1,0
149000,1,1,1,0,4,85,0,1,0
150000,1,1,1,0,4,85,0,1,0
151000,1,1,1,0,4,85,0,1,0
152000,1,1,1,0,4,85,0,1,0
153000,1,1,1,0,4,85,0,1,0
154000,1,1,1,0,4,85,0,1,0
155000,1,1,1,0,4,85,0,1,0
156000,1,1,1,0,4,85,0,1,0
157000,1,1,1,0,4,85,0,1,0
158000,1,1,1,0,4,85,0,1,0
159000,1,1,1,0,4,85,0,1,0
160000,1,1,1,0,4,85,0,1,0
161000,1,1,1,0,4,85,0,1,0
162000,1,1,1,0,4,85,0,1,0
163000,1,1,1,0,4,85,0,1,0
164000,1,1,1,0,4,85,0,1,0
165000,1,1,1,0,4,85,0,1,0
166000,1,1,1,0,4,85,0,1,0
167000,1,1,1,0,4,85,0,1,0
168000,1,1,1,0,4,85,0,1,0
169000,1,1,1,0,4,85,0,1,0
170000,1,1,1,0,4,85,0,1,0
171000,1,1,1,0,4,85,0,1,0
172000,1,1,1,0,4,85,0,1,0
173000,1,1,1,0,4,85,0,1,0
174000,1,1,1,0,4,85,0,1,0
175000,1,1,1,0,4,85,0,1,0
176000,1,1,1,0,4,85,0,1,0
177000,1,1,1,0,4,85,0,1,0
178000,1,1,1,0,4,85,0,1,0
179000,1,1,1,0,4,85,0,1,0
180000,1,1,1,0,4,85,0,1,0
181000,1,1,1,0,4,85,0,1,0
182000,1,1,1,0,4,85,0,1,0
183000,1,1,1,0,4,85,0,1,0
184000,1,1,1,0,4,85,0,1,0
185000,1,1,1,0,4,85,0,1,0
186000,1,1,1,0,4,85,0,1,0
187000,1,1,1,0,4,85,0,1,0
188000,1,1,1,0,4,85,0,1,0
189000,1,1,1,0,4,85,0,1,0
190000,1,1,1,0,4,85,0,1,0
191000,1,1,1,0,4,85,0,1,0
192000,1,1,1,0,4,85,0,1,0
193000,1,1,1,0,4,85,0,1,0
194000,1,1,1,0,4,85,0,1,0
195000,1,1,1,0,4,85,0,1,0
196000,1,1,1,0,4,85,0,1,0
197000,1,1,1,0,4,85,0,1,0
198000,1,1,1,0,4,85,0,1,0
199000,1,1,1,0,4,85,0,1,0
200000,1,1,1,0,4,85,0,1,0
201000,1,1,1,0,4,85,0,1,0
202000,1,1,1,0,4,85,0,1,0
203000,1,1,1,0,4,85,0,1,0
204000,1,1,1,0,4,85,0,1,0
205000,1,1,1,0,4,85,0,1,0
206000,1,1,1,0,4,85,0,1,0
207000,1,1,1,0,4,85,0,1,0
208000,1,1,1,0,4,85,0,1,0
209000,1,1,1,0,4,85,0,1,0
210000,1,1,1,0,4,85,0,1,0
211000,1,1,1,0,4,85,0,1,0
212000,1,1,1,0,4,85,0,1,0
213000,1,1,1,0,4,85,0,1,0
214000,1,1,1,0,4,85,0,1,0
215000,1,1,1,0,4,85,0,1,0
216000,1,1,1,0,4,85,0,1,0
217000,1,1,1,0,4,85,0,1,0
218000,1,1,1,0,4,85,0,1,0
219000,1,1,1,0,4,85,0,1,0
220000,1,1,1,0,4,85,0,1,0
221000,1,1,1,0,4,85,0,1,0
222000,1,1,1,0,4,85,0,1,0
223000,1,1,1,0,4,85,0,1,0
224000,1,1,1,0,4,85,0,1,0
225000,1,1,1,0,4,85,0,1,0
226000,1,1,1,0,4,85,0,1,0
227000,1,1,1,0,4,85,0,1,0
228000,1,1,1,0,4,85,0,1,0
229000,1,1,1,0,4,85,0,1,0
230000,1,1,1,0,4,85,0,1,0
231000,1,1,1,0,4,85,0,1,0
232000,1,1,1,0,4,85,0,1,0
233000,1,1,1,0,4,85,0,1,0
234000,1,1,1,0,4,85,0,1,0
235000,1,1,1,0,4,85,0,1,0
236000,1,1,1,0,4,85,0,1,0
237000,1,1,1,0,4,85,0,1,0
238000,1,1,1,0,4,85,0,1,0
239000,1,1,1,0,4,85,0,1,0
240000,1,1,1,0,4,85,0,1,0
241000,1,1,1,0,4,85,0,1,0
242000,1,1,1,0,4,85,0,1,0
243000,1,1,1,0,4,85,0,1,0
244000,1,1,1,0,4,85,0,1,0
245000,1,1,1,0,4,85,0,1,0
246000,1,1,1,0,4,85,0,1,0
247000,1,1,1,0,4,85,0,1,0
248000,1,1,1,0,4,85,0,1,0
249000,1,1,1,0,4,85,0,1,0
250000,1,1,1,0,4,85,0,1,0
251000,1,1,1,0,4,85,0,1,0
252000,1,1,1,0,4,85,0,1,0
253000,1,1,1,0,4,85,0,1,0
254000,1,1,1,0,4,85,0,1,0
255000,1,1,1,0,4,85,0,1,0
256000,1,1,1,0,4,85,0,1,0
257000,1,1,1,0,4,85,0,1,0
258000,1,1,1,0,4,85,0,1,0
259000,1,1,1,0,4,85,0,1,0
260000,1,1,1,0,4,85,0,1,0
261000,1,1,1,0,4,85,0,1,0
262000,1,1,1,0,4,85,0,1,0
263000,1,1,1,0,4,85,0,1,0
264000,1,1,1,0,4,85,0,1,0
265000,1,1,1,0,4,85,0,1,0
266000,1,1,1,0,4,85,0,1,0
267000,1,1,1,0,4,85,0,1,0
268000,1,1,1,0,4,85,0,1,0
269000,1,1,1,0,4,85,0,1,0
270000,1,1,1,0,4,85,0,1,0
271000,1,1,1,0,4,85,0,1,0
272000,1,1,1,0,4,85,0,1,0
273000,1,1,1,0,4,85,0,1,0
274000,1,1,1,0,4,85,0,1,0
275000,1,1,1,0,4,85,0,1,0
276000,1,1,1,0,4,85,0,1,0
277000,1,1,1,0,4,85,0,1,0
278000,1,1,1,0,4,85,0,1,0
279000,1,1,1,0,4,85,0,1,0
280000,1,1,1,0,4,85,0,1,0
281000,1,1,1,0,4,85,0,1,0
282000,1,1,1,0,4,85,0,1,0
283000,1,1,1,0,4,85,0,1,0
284000,1,1,1,0,4,85,0,1,0
285000,1,1,1,0,4,85,0,1,0
286000,1,1,1,0,4,85,0,1,0
287000,1,1,1,0,4,85,0,1,0
288000,1,1,1,0,4,85,0,1,0
289000,1,1,1,0,4,85,0,1,0
290000,1,1,1,0,4,85,0,1,0
291000,1,1,1,0,4,85,0,1,0
292000,1,1,1,0,4,85,0,1,0
293000,1,1,1,0,4,85,0,1,0
294000,1,1,1,0,4,85,0,1,0
295000,1,1,1,0,4,85,0,1,0
296000,1,1,1,0,4,85,0,1,0
297000,1,1,1,0,4,85,0,1,0
298000,1,1,1,0,4,85,0,1,0
299000,1,1,1,0,4,85,0,1,0
300000,1,1,1,0,4,85,0,1,0
301000,1,1,1,0,4,85,0,1,0
302000,1,1,1,0,4,85,0,1,0
303000,1,1,1,0,4,85,0,1,0
304000,1,1,1,0,4,85,0,1,0
305000,1,1,1,0,4,85,0,1,0
306000,1,1,1,0,4,85,0,1,0
307000,1,1,1,0,4,85,0,1,0
308000,1,1,1,0,4,85,0,1,0
309000,1,1,1,0,4,85,0,1,0
310000,1,1,1,0,4,85,0,1,0
311000,1,1,1,0,4,85,0,1,0
312000,1,1,1,0,4,85,0,1,0
313000,1,1,1,0,4,85,0,1,0
314000,1,1,1,0,4,85,0,1,0
315000,1,1,1,0,4,85,0,1,0
316000,1,1,1,0,4,85,0,1,0
317000,1,1,1,0,4,85,0,1,0
318000,1,1,1,0,4,85,0,1,0
319000,1,1,1,0,4,85,0,1,0
320000,1,1,1,0,4,85,0,1,0
321000,1,1,1,0,4,85,0,1,0
322000,1,1,1,0,4,85,0,1,0
323000,1,1,1,0,4,85,0,1,0
324000,1,1,1,0,4,85,0,1,0
325000,1,1,1,0,4,85,0,1,0
326000,1,1,1,0,4,85,0,1,0
327000,1,1,1,0,4,85,0,1,0
328000,1,1,1,0,4,85,0,1,0
329000,1,1,1,0,4,85,0,1,0
330000,1,1,1,0,4,85,0,1,0
331000,1,1,1,0,4,85,0,1,0
332000,1,1,1,0,4,85,0,1,0
333000,1,1,1,0,4,85,0,1,0
334000,1,1,1,0,4,85,0,1,0
335000,1,1,1,0,4,85,0,1,0
336000,1,1,1,0,4,85,0,1,0
337000,1,1,1,0,4,85,0,1,0
338000,1,1,1,0,4,85,0,1,0
339000,1,1,1,0,4,85,0,1,0
340000,1,1,1,0,4,85,0,1,0
341000,1,1,1,0,4,85,0,1,0
342000,1,1,1,0,4,85,0,1,0
343000,1,1,1,0,4,85,0,1,0
344000,1,1,1,0,4,85,0,1,0
345000,1,1,1,0,4,85,0,1,0
346000,1,1,1,0,4,85,0,1,0
347000,1,1,1,0,4,85,0,1,0
348000,1,1,1,0,4,85,0,1,0
349000,1,1,1,0,4,85,0,1,0
350000,1,1,1,0,4,85,0,1,0
351000,1,1,1,0,4,85,0,1,0
352000,1,1,1,0,4,85,0,1,0
353000,1,1,1,0,4,85,0,1,0
354000,1,1,1,0,4,85,0,1,0
355000,1,1,1,0,4,85,0,1,0
356000,1,1,1,0,4,85,0,1,0
357000,1,1,1,0,4,85,0,1,0
358000,1,1,1,0,4,85,0,1,0
359000,1,1,1,0,4,85,0,1,0
360000,1,1,1,0,4,85,0,1,0
361000,1,1,1,0,4,85,0,1,0
362000,1,1,1,0,4,85,0,1,0
363000,1,1,1,0,4,85,0,1,0
364000,1,1,1,0,4,85,0,1,0
365000,1,1,1,0,4,85,0,1,0
366000,1,1,1,0,4,85,0,1,0
367000,1,1,1,0,4,85,0,1,0
368000,1,1,1,0,4,85,0,1,0
369000,1,1,1,0,4,85,0,1,0
370000,1,1,1,0,4,85,0,1,0
371000,1,1,1,0,4,85,0,1,0
372000,1,1,1,0,4,85,0,1,0
373000,1,1,1,0,4,85,0,1,0
374000,1,1,1,0,4,85,0,1,0
375000,1,1,1,0,4,85,0,1,0
376000,1,1,1,0,4,85,0,1,0
377000,1,1,1,0,4,85,0,1,0
378000,1,1,1,0,4,85,0,1,0
379000,1,1,1,0,4,85,0,1,0
380000,1,1,1,0,4,85,0,1,0
381000,1,1,1,0,4,85,0,1,0
382000,1,1,1,0,4,85,0,1,0
383000,1,1,1,0,4,85,0,1,0
384000,1,1,1,0,4,85,0,1,0
385000,1,1,1,0,4,85,0,1,0
386000,1,1,1,0,4,85,0,1,0
387000,1,1,1,0,4,85,0,1,0
388000,1,1,1,0,4,85,0,1,0
389000,1,1,1,0,4,85,0,1,0
390000,1,1,1,0,4,85,0,1,0
391000,1,1,1,0,4,85,0,1,0
392000,1,1,1,0,4,85,0,1,0
393000,1,1,1,0,4,85,0,1,0
394000,1,1,1,0,4,85,0,1,0
395000,1,1,1,0,4,85,0,1,0
396000,1,1,1,0,4,85,0,1,0
397000,1,1,1,0,4,85,0,1,0
398000,1,1,1,0,4,85,0,1,0
399000,1,1,1,0,4,85,0,1,0
400000,1,1,1,0,4,85,0,1,0
401000,1,1,1,0,4,85,0,1,0
402000,1,1,1,0,4,85,0,1,0
403000,1,1,1,0,4,85,0,1,0
404000,1,1,1,0,4,85,0,1,0
405000,1,1,1,0,4,85,0,1,0
406000,1,1,1,0,4,85,0,1,0
407000,1,1,1,0,4,85,0,1,0
408000,1,1,1,0,4,85,0,1,0
409000,1,1,1,0,4,85,0,1,0
410000,1,1,1,0,4,85,0,1,0
411000,1,1,1,0,4,85,0,1,0
412000,1,1,1,0,4,85,0,1,0
413000,1,1,1,0,4,85,0,1,0
414000,1,1,1,0,4,85,0,1,0
415000,1,1,1,0,4,85,0,1,0
416000,1,1,1,0,4,85,0,1,0
417000,1,1,1,0,4,85,0,1,0
418000,1,1,1,0,4,85,0,1,0
419000,1,1,1,0,4,85,0,1,0
420000,1,1,1,0,4,85,0,1,0
421000,1,1,1,0,4,85,0,1,0
422000,1,1,1,0,4,85,0,1,0
423000,1,1,1,0,4,85,0,1,0
424000,1,1,1,0,4,85,0,1,0
425000,1,1,1,0,4,85,0,1,0
426000,1,1,1,0,4,85,0,1,0
427000,1,1,1,0,4,85,0,1,0
428000,1,1,1,0,4,85,0,1,0
429000,1,1,1,0,4,85,0,1,0
430000,1,1,1,0,4,85,0,1,0
431000,1,1,1,0,4,85,0,1,0
432000,1,1,1,0,4,85,0,1,0
433000,1,1,1,0,4,85,0,1,0
434000,1,1,1,0,4,85,0,1,0
435000,1,1,1,0,4,85,0,1,0
436000,1,1,1,0,4,85,0,1,0
437000,1,1,1,0,4,85,0,1,0
438000,1,1,1,0,4,85,0,1,0
439000,1,1,1,0,4,85,0,1,0
440000,1,1,1,0,4,85,0,1,0
441000,1,1,1,0,4,85,0,1,0
442000,1,1,1,0,4,85,0,1,0
443000,1,1,1,0,4,85,0,1,0
444000,1,1,1,0,4,85,0,1,0
445000,1,1,1,0,4,85,0,1,0
446000,1,1,1,0,4,85,0,1,0
447000,1,1,1,0,4,85,0,1,0
448000,1,1,1,0,4,85,0,1,0
449000,1,1,1,0,4,85,0,1,0
450000,1,1,1,0,4,85,0,1,0
451000,1,1,1,0,4,85,0,1,0
452000,1,1,1,0,4,85,0,1,0
453000,1,1,1,0,4,85,0,1,0
454000,1,1,1,0,4,85,0,1,0
455000,1,1,1,0,4,85,0,1,0
456000,1,1,1,0,4,85,0,1,0
457000,1,1,1,0,4,85,0,1,0
458000,1,1,1,0,4,85,0,1,0
459000,1,1,1,0,4,85,0,1,0
460000,1,1,1,0,4,85,0,1,0
461000,1,1,1,0,4,85,0,1,0
462000,1,1,1,0,4,85,0,1,0
463000,1,1,1,0,4,85,0,1,0
464000,1,1,1,0,4,85,0,1,0
465000,1,1,1,0,4,85,0,1,0
466000,1,1,1,0,4,85,0,1,0
467000,1,1,1,0,4,85,0,1,0
468000,1,1,1,0,4,85,0,1,0
469000,1,1,1,0,4,85,0,1,0
470000,1,1,1,0,4,85,0,1,0
471000,1,1,1,0,4,85,0,1,0
472000,1,1,1,0,4,85,0,1,0
473000,1,1,1,0,4,85,0,1,0
474000,1,1,1,0,4,85,0,1,0
475000,1,1,1,0,4,85,0,1,0
476000,1,1,1,0,4,85,0,1,0
477000,1,1,1,0,4,85,0,1,0
478000,1,1,1,0,4,85,0,1,0
479000,1,1,1,0,4,85,0,1,0
480000,1,1,1,0,4,85,0,1,0
481000,1,1,1,0,4,85,0,1,0
482000,1,1,1,0,4,85,0,1,0
483000,1,1,1,0,4,85,0,1,0
484000,1,1,1,0,4,85,0,1,0
485000,1,1,1,0,4,85,0,1,0
486000,1,1,1,0,4,85,0,1,0
487000,1,1,1,0,4,85,0,1,0
488000,1,1,1,0,4,85,0,1,0
489000,1,1,1,0,4,85,0,1,0
490000,1,1,1,0,4,85,0,1,0
491000,1,1,1,0,4,85,0,1,0
492000,1,1,1,0,4,85,0,1,0
493000,1,1,1,0,4,85,0,1,0
494000,1,1,1,0,4,85,0,1,0
495000,1,1,1,0,4,85,0,1,0
496000,1,1,1,0,4,85,0,1,0
497000,1,1,1,0,4,85,0,1,0
498000,1,1,1,0,4,85,0,1,0
499000,1,1,1,0,4,85,0,1,0
500000,1,1,1,0,4,85,0,1,0
501000,1,1,1,0,4,85,0,1,0
502000,1,1,1,0,4,85,0,1,0
503000,1,1,1,0,4,85,0,1,0
504000,1,1,1,0,4,85,0,1,0
505000,1,1,1,0,4,85,0,1,0
506000,1,1,1,0,4,85,0,1,0
507000,1,1,1,0,4,85,0,1,0
508000,1,1,1,0,4,85,0,1,0
509000,1,1,1,0,4,85,0,1,0
510000,1,1,1,0,4,85,0,1,0
511000,1,1,1,0,4,85,0,1,0
512000,1,1,1,0,4,85,0,1,0
513000,1,1,1,0,4,85,0,1,0
514000,1,1,1,0,4,85,0,1,0
515000,1,1,1,0,4,85,0,1,0
516000,1,1,1,0,4,85,0,1,0
517000,1,1,1,0,4,85,0,1,0
518000,1,1,1,0,4,85,0,1,0
519000,1,1,1,0,4,85,0,1,0
520000,1,1,1,0,4,85,0,1,0
521000,1,1,1,0,4,85,0,1,0
522000,1,1,1,0,4,85,0,1,0
523000,1,1,1,0,4,85,0,1,0
524000,1,1,1,0,4,85,0,1,0
525000,1,1,1,0,4,85,0,1,0
526000,1,1,1,0,4,85,0,1,0
527000,1,1,1,0,4,85,0,1,0
528000,1,1,1,0,4,85,0,1,0
529000,1,1,1,0,4,85,0,1,0
530000,1,1,1,0,4,85,0,1,0
531000,1,1,1,0,4,85,0,1,0
532000,1,1,1,0,4,85,0,1,0
533000,1,1,1,0,4,85,0,1,0
534000,1,1,1,0,4,85,0,1,0
535000,1,1,1,0,4,85,0,1,0
536000,1,1,1,0,4,85,0,1,0
537000,1,1,1,0,4,85,0,1,0
538000,1,1,1,0,4,85,0,1,0
539000,1,1,1,0,4,85,0,1,0
540000,1,1,1,0,4,85,0,1,0
541000,1,1,1,0,4,85,0,1,0
542000,1,1,1,0,4,85,0,1,0
543000,1,1,1,0,4,85,0,1,0
544000,1,1,1,0,4,85,0,1,0
545000,1,1,1,0,4,85,0,1,0
546000,1,1,1,0,4,85,0,1,0
547000,1,1,1,0,4,85,0,1,0
548000,1,1,1,0,4,85,0,1,0
549000,1,1,1,0,4,85,0,1,0
550000,1,1,1,0,4,85,0,1,0
551000,1,1,1,0,4,85,0,1,0
552000,1,1,1,0,4,85,0,1,0
553000,1,1,1,0,4,85,0,1,0
554000,1,1,1,0,4,85,0,1,0
555000,1,1,1,0,4,85,0,1,0
556000,1,1,1,0,4,85,0,1,0
557000,1,1,1,0,4,85,0,1,0
558000,1,1,1,0,4,85,0,1,0
559000,1,1,1,0,4,85,0,1,0
560000,1,1,1,0,4,85,0,1,0
561000,1,1,1,0,4,85,0,1,0
562000,1,1,1,0,4,85,0,1,0
563000,1,1,1,0,4,85,0,1,0
564000,1,1,1,0,4,85,0,1,0
565000,1,1,1,0,4,85,0,1,0
566000,1,1,1,0,4,85,0,1,0
567000,1,1,1,0,4,85,0,1,0
568000,1,1,1,0,4,85,0,1,0
569000,1,1,1,0,4,85,0,1,0
570000,1,1,1,0,4,85,0,1,0
571000,1,1,1,0,4,85,0,1,0
572000,1,1,1,0,4,85,0,1,0
573000,1,1,1,0,4,85,0,1,0
574000,1,1,1,0,4,85,0,1,0
575000,1,1,1,0,4,85,0,1,0
576000,1,1,1,0,4,85,0,1,0
577000,1,1,1,0,4,85,0,1,0
578000,1,1,1,0,4,85,0,1,0
579000,1,1,1,0,4,85,0,1,0
580000,1,1,1,0,4,85,0,1,0
581000,1,1,1,0,4,85,0,1,0
582000,1,1,1,0,4,85,0,1,0
583000,1,1,1,0,4,85,0,1,0
584000,1,1,1,0,4,85,0,1,0
585000,1,1,1,0,4,85,0,1,0
586000,1,1,1,0,4,85,0,1,0
587000,1,1,1,0,4,85,0,1,0
588000,1,1,1,0,4,85,0,1,0
589000,1,1,1,0,4,85,0,1,0
590000,1,1,1,0,4,85,0,1,0
591000,1,1,1,0,4,85,0,1,0
592000,1,1,1,0,4,85,0,1,0
593000,1,1,1,0,4,85,0,1,0
594000,1,1,1,0,4,85,0,1,0
595000,1,1,1,0,4,85,0,1,0
596000,1,1,1,0,4,85,0,1,0
597000,1,1,1,0,4,85,0,1,0
598000,1,1,1,0,4,85,0,1,0
599000,1,1,1,0,4,85,0,1,0
